Performance tests: No mesh relaxation

Initial mesh  =  103950 cells
Double    (z) =  207900 cells
Quadruple (y) =  415800 cells
Octuple   (x) =  831600 cells
16x       (y) = 1663299 cells
32x       (x) = 3326400 cells
64x       (z) = 6652800 cells

 Cells(M) Cores  Time0(s) Time10(s) Time20(s) Time50(s) Time100(s)
  0.104M     8       12       363       550       943      1455
            16        6       168       254       428       657
            32        3        87       132       224       344
            64        3        58        88       153       241
           128        4        53        81       140       223

  0.208M    16       11       469       762      1543      2943
            32        6       213       351       720      1381
            64        5       121       198       407       784
           128        4       106       171       345       663

  0.416M    32       11       416       695      1434      2749
            64        7       211       353       729      1403
           128        6       130       219       468       908

  0.832M    32       25       906      1508      3134      5787
            64       13       426       711      1479      2749
           128        8       232       386       803      1517

  1.663M    64       29       835      1373      2880      5003
           128       16       433       719      1528      2676
 
  3.326M    64       79      1991      3365      7440     13038
           128       39       877      1474      3240      5749

  6.653M   128       95      2123      3492      7517     12552

